0111110101001010
0101101101000000
1100101111000000
0001101101000001
0000000000000000
0000000000000000
1111000101000010
0000000000000000
1110000000110101
0000000000000000
0110110101001010
1011111111000001
0110110101000000
0111110101001010
0111110111001100
0101111111000000
1101111111010000
1000111111000100
1100111101000000
0101111111000000
0000000000000000
0000000000000000
1111111000001010
0000000000000000
1010001001000011
1001010001010000
0101000000000000
1101000000111111
1000000000001000
0000000000000000
0000000000000000
0111110000000000
1110000000101111
0000000000000000
1000011011000010
0111110101001010
0101101101000000
0010100101000000
0010011101111000
0100111100111000
0100000011000000
1001000111100000
0101000000000000
1101000000011111
1000000000000011
1101000000000111
0111110000000000
0001110110000010
0110110111001010
0110110101001000
0000000000000000
1110000000000000
0000000000000000
0110110101001010