0111101110001010
0101101101000000
1100000101111111
0101101101000001
1111000101001100
0000000001010100
0110101110001010
1011111111000001
0110101110000000
0111111110001100
0101111111000000
0001111111100000
1000111111000011
1100000111101111
0101111111000000
1111111000110000
1010001001000011
1001010010001101
0101000000000000
0001000000111111
1000000000000110
0001000000110000
1000000000000100
0111000110000000
0000000001001100
1000011011000010
0111101110001010
0101101101000000
0010000100101001
0010111011101001 
0100000000100011
0100111111011011
1001100000111101
0101000000000000
0001000000111111
1000000000000010
0001000000000011
0111000110000000
0001110110000010
0110111110001100
0110101110001010
0000000000000000
0110101110001010